$ 1 1e-10 0.3347900166492528 50 3 50 5e-11
R -384 400 -464 400 4 5 100000000 6.6 0 0 0.5
w 1536 400 1776 400 0
r 1248 608 1344 608 0 750000
r 1344 704 1344 608 0 250000
w 1248 608 1248 512 0
w 1344 512 1344 608 0
403 1584 240 1776 384 0 1_1_3_12546_0.08174745872030881_0.0001_-1_3_1_0_1_3
c 1248 512 1344 512 0 2e-11 0.0758970425497027 0.001
c 1440 704 1440 608 0 6e-11 -0.02423330901109907 0.001
w 1440 608 1344 608 0
w 1440 704 1344 704 0
w 864 400 1104 400 0
r -192 400 -288 400 0 50
160 576 400 672 400 1 0.1 10000000000
160 864 400 768 400 0 0.1 10000000000
w 672 384 768 384 0
c 672 416 768 416 0 0.000022 0.000999999999952178 0.001
r 1344 192 1344 288 0 50
403 912 240 1104 384 0 11_1_0_12546_0.33018290580706133_0.0001_-1_2_11_3
r -96 496 -192 496 0 50
w -96 416 -96 496 0
r 0 416 96 416 0 9000000
c 0 512 96 512 0 1.5e-11 1.0736219098126767 0.001
w 0 416 0 512 0
w 96 416 96 512 0
w 384 416 480 416 0
c 384 512 288 512 0 3.5e-11 0.1780474555803385 0.001
r 384 416 384 512 0 470
l 192 416 288 416 0 2.1200000000000002e-7 -0.007707278233235987 0
c 288 416 288 512 0 8.5e-11 0.09967723163895437 0.001
r 192 416 96 416 0 138
w 384 416 288 416 0
r 0 416 -96 416 0 50
160 -192 400 -96 400 0 0.1 10000000000
160 576 400 480 400 1 0.1 10000000000
L 336 112 384 112 0 0 false 5 0
207 -144 384 -144 336 5 9MΩ\s/\s50Ω
207 528 416 528 464 5 9MΩ\s/\s50Ω
207 336 112 288 112 5 9MΩ\s/\s50Ω
207 336 144 288 144 5 DC\s/\sAC
L 336 144 384 144 0 0 false 5 0
207 624 384 624 336 5 DC\s/\sAC
w 480 384 -96 384 0
160 1152 400 1248 400 0 0.1 10000000000
160 1536 400 1440 400 1 0.1 10000000000
w 1248 384 1344 384 0
207 1200 384 1200 336 5 9MΩ\s/\s50Ω
207 816 416 816 464 5 DC\s/\sAC
207 1488 416 1488 464 5 9MΩ\s/\s50Ω
w 1344 384 1440 384 0
w 1440 416 1440 608 0
w -384 400 -288 400 0
403 -416 240 -224 384 0 51_1_0_12546_6.6_0.0001_-1_2_51_3
207 1792 -176 1744 -176 5 offset
174 2032 -240 1984 -144 1 10000 0.5 DC Offset
R 2032 -144 2032 -112 0 0 40 5 0 0 0.5
R 2032 -240 2032 -272 0 0 40 -5 0 0 0.5
g -192 496 -224 496 0 0
g 288 512 256 512 0 0
g 1344 192 1344 160 0 0
g 1344 704 1344 736 0 0
w 2592 400 2784 400 0
w 2256 432 2256 512 0
w 2496 512 2496 416 0
r 2496 512 2400 512 0 475
r 2256 512 2256 608 0 475
207 2208 304 2208 272 5 offset
403 2592 240 2784 384 0 61_1_0_12546_0.04158463596563279_0.0001_-1_3_61_3_53_3
r 2208 400 2112 400 0 475
r 2208 400 2208 304 0 475
g 2256 608 2256 640 0 0
w 2208 400 2304 400 0
r 2400 400 2304 400 0 3000000
c 2400 352 2304 352 0 1.5e-12 0.0004735697612047278 0.001
w 2400 352 2400 400 0
w 2304 352 2304 400 0
r 2400 432 2304 432 0 24
a 1984 -176 1888 -176 9 15 -15 1000000 0 0 100000
w 1984 -160 1984 -128 0
w 1984 -128 1888 -128 0
w 1888 -128 1888 -176 0
r 1968 432 1872 432 0 24
w 1872 352 1872 400 0
w 1968 352 1968 400 0
c 1968 352 1872 352 0 1.5e-12 0.00047356999398495345 0.001
r 1968 400 1872 400 0 3000000
w 2064 512 2064 416 0
w 1824 432 1824 512 0
w 2064 512 1824 512 0
w 2064 400 2064 416 0
w 2496 400 2496 416 0
w 2112 400 2064 400 0
w 1776 400 1872 400 0
b 2288 320 2480 480 0
b 1855 303 2047 479 0
x 1919 292 1987 295 4 16 OPA2673
x 2351 309 2419 312 4 16 OPA2673
423 -80 560 481 559 0
x 133 581 251 584 4 16 10x\sscope\sprobe
x 139 373 245 376 4 16 plain\s50Ω\scoax
b 576 304 864 480 0
x 640 260 784 263 4 16 AGN210S03Z\sRelay
w 1248 416 1248 512 0
x 1161 273 1305 276 4 16 AGN210S03Z\sRelay
b 1161 317 1529 477 0
w 1104 400 1152 400 0
w 1344 288 1344 384 0
x 622 280 812 283 4 16 AC\s/\sDC\scoupling\sselection
x 1159 298 1305 301 4 16 termination\sselection
w 2304 512 2256 512 0
212 2976 400 3072 400 0 4 c\s\p\s(a\s-\sb)\s*\s10\s^\s((11.6\s\p\s38.8\s*\sd)\s/\s20)
w 3072 432 3168 480 0
w 3168 480 3264 480 0
w 3168 400 3264 400 0
p 3168 400 3168 480 1 0 0
x 1722 -271 1791 -268 4 16 DC\sOffset
x 2356 -275 2447 -272 4 16 Gain\sVoltage
w 2512 -128 2512 -176 0
w 2608 -128 2512 -128 0
w 2608 -160 2608 -128 0
a 2608 -176 2512 -176 9 15 -15 1000000 0.004500405040954091 0.004500450045004501 100000
R 2656 -48 2656 -16 0 0 40 5 0 0 0.5
174 2656 -240 2608 -144 1 10000 0.005 Gain
207 2416 -176 2368 -176 5 gain
g 2656 -240 2656 -256 0 0
r 2656 -144 2656 -48 0 45550
w 2416 -176 2512 -176 2
w 1792 -176 1888 -176 2
w 1872 432 1824 432 0
w 2304 432 2256 432 0
w 2400 512 2304 512 0
w 3600 560 3696 560 0
w 3360 560 3504 560 0
r 3504 560 3504 432 0 4250
c 3600 560 3600 432 0 6e-12 -0.47493582779594495 0.001
w 3504 560 3600 560 0
w 3456 432 3504 432 0
w 3504 304 3600 304 0
g 3456 432 3456 464 0 0
c 3600 304 3600 432 0 6e-12 0.4749358277959816 0.001
r 3504 304 3504 432 0 4250
w 3360 304 3504 304 0
w 3600 304 3696 304 0
a 1968 416 2064 416 9 5 -5 1000000 0.024706631938522305 0.024706879004841694 100000
a 2400 416 2496 416 9 15 -15 1000000 0.01282662919819343 0.012826885730777391 100000
c 1792 16 1792 -80 0 1.5e-11 0 0.001
g 1792 16 1792 32 0 0
r 1792 -176 1792 -80 0 1
r 2416 -176 2416 -80 0 1
g 2416 16 2416 32 0 0
c 2416 16 2416 -80 0 1.5e-11 -0.004500405040954091 0.001
207 2976 496 2928 496 5 gain
R 2976 464 2928 464 0 0 40 0.9 0 0 0.5
g 2976 432 2944 432 0 0
r 2784 400 2784 496 0 50
r 2496 400 2592 400 0 50
g 2784 496 2784 512 0 0
w 2784 400 2976 400 0
r 3072 400 3168 400 0 50
w 3600 432 3504 432 0
w 3264 400 3360 304 0
w 3264 480 3360 560 0
403 3456 144 3648 288 0 114_1_0_12546_1.0544263218313703_0.0001_-1_3_152_0_152_3
