$ 1 2e-11 0.8372897488127266 50 1 50 5e-11
r 624 304 720 304 0 49.9
171 720 304 896 304 0 6.000000000000001e-9 50 16 0
g 720 320 720 336 0 0
g 896 320 896 336 0 0
w 576 336 624 304 0
w 576 464 624 496 0
g 896 512 896 528 0 0
g 720 512 720 528 0 0
171 720 496 896 496 0 6.000000000000001e-9 50 16 0
r 624 496 720 496 0 49.9
w 896 304 960 304 1
w 896 496 960 496 1
403 320 -32 720 144 0 4_2_0_12546_1.499947501491988_0.0001_-1_3_4_3_10_3
r 960 304 960 400 0 49.9
r 960 400 960 496 0 49.9
403 768 -32 992 144 0 10_2_0_12546_1.6496390606718387_0.0001_-1_4_10_3_11_0_11_3
w 960 304 1056 304 0
w 960 496 1056 496 0
p 1056 304 1056 496 1 0 0
v 336 448 336 352 0 2 1000000000 3 0 0 0.5
r 336 352 432 352 0 50
w 336 448 432 448 0
a 432 464 528 464 9 15 -15 1000000 1.4999475014627814 1.4999625009377962 100000
a 432 336 528 336 8 15 -15 1000000 -1.4999475014621424 -1.4999625009371569 100000
w 432 480 432 528 0
w 432 320 432 272 0
w 528 272 528 336 0
w 528 528 528 464 0
r 432 272 528 272 0 470
r 432 528 528 528 0 470
w 576 336 528 336 1
w 576 464 528 464 1
r 432 352 432 400 0 1000000
r 432 400 432 448 0 1000000
g 432 400 416 400 0 0
403 896 144 992 208 0 10_2_0_28929_0.0001_0.058100221574292045_-1_5_11_0_30_0_31_0_31_3
r 960 400 864 400 0 2.61
R 720 400 688 400 0 0 40 3.3 0 0 0.5
368 960 400 1008 400 0 0
c 1056 304 1088 304 0 2e-12 0.15929823196916298 0.001
g 1088 304 1104 304 0 0
g 1088 496 1104 496 0 0
c 1056 496 1088 496 0 2e-12 1.6401772351873163 0.001
r 864 400 768 400 0 39
403 768 144 864 208 0 30_2_0_28929_0.0001_0.05810022568223901_-1_2_30_3
403 1008 144 1120 208 0 43_2_0_28929_0.0001_0.03606163260861844_-1_2_43_3
403 1008 -32 1120 144 0 18_2_0_12546_1.4998019973451593_0.0001_-1_1
w 768 400 720 400 1
