$ 1 1e-10 11.086722712598126 50 1 50 5e-11
R 496 400 416 400 0 2 50000000 1.5 0 0 0.5
403 96 112 720 304 0 0_2_0_12546_1.5_0.0001_-1_2_0_3
r 592 400 688 400 0 100
c 784 400 784 496 0 2.7000000000000005e-10 -0.1562288935587548 0.001
g 784 496 784 512 0 0
w 1456 400 1552 400 0
403 752 112 1504 304 0 5_2_0_4354_0.002933125902596693_0.0001_-1_2_5_3
w 1360 400 1456 400 0
l 688 400 784 400 0 3.3000000000000004e-8 -0.013588308601521945 0
l 880 400 976 400 0 3.3000000000000004e-8 -0.0015576679467716108 0
g 976 496 976 512 0 0
c 976 400 976 496 0 2.7000000000000005e-10 0.012690157734325545 0.001
r 784 400 880 400 0 100
l 1072 400 1168 400 0 3.3000000000000004e-8 0.00012053534141038199 0
g 1168 496 1168 512 0 0
c 1168 400 1168 496 0 2.7000000000000005e-10 0.0026835219235242544 0.001
r 976 400 1072 400 0 100
l 1264 400 1360 400 0 3.3000000000000004e-8 0.00002700321187389313 0
g 1360 496 1360 512 0 0
c 1360 400 1360 496 0 2.7000000000000005e-10 -0.0001248297941109073 0.001
r 1168 400 1264 400 0 100
w 496 400 592 400 0
403 96 464 528 576 0 21_2_0_28929_0.0001_0.016754665594130774_-1_2_21_3
38 0 F1 3 1000000 50000000 -1 Frequency
