$ 1 1e-11 5.692113234615338 54 5 50 5e-11
R 288 400 224 400 4 5 40000000 3.3 0 0 0.5
171 608 368 736 368 0 5.12e-10 100 16 0
g 608 384 608 400 0 0
g 736 384 736 400 0 0
c 608 368 608 336 0 2e-12 0.7911965799730313 0.001
g 608 336 608 320 0 0
g 832 336 832 320 0 0
c 832 368 832 336 0 3e-12 0.6740139137400001 0.001
w 1056 368 1168 368 0
c 1056 368 1056 336 0 2e-12 0.9274003601365218 0.001
g 1056 336 1056 320 0 0
g 1056 384 1056 400 0 0
g 928 384 928 400 0 0
171 928 368 1056 368 0 4.91e-10 100 16 0
w 736 368 832 368 0
w 832 368 928 368 0
403 448 112 864 256 0 14_8_0_12546_3.2133202176384974_0.0001_-1_2_14_3
403 912 112 1312 256 0 8_8_0_12546_3.235189677641354_0.0001_-1_2_8_3
r 1168 384 1168 480 0 100
g 1168 480 1168 496 0 0
r 608 368 512 368 0 100
403 448 480 864 624 0 20_8_0_28929_0.0001_0.008390443553020205_-1_2_20_3
212 416 400 512 400 1024 1 a
w 512 368 512 400 0
g 416 432 400 432 0 0
r 416 400 320 400 0 100
215 320 320 416 320 0 2 clamp(a,\s-0.008,\s0.008)
w 320 400 320 352 0
w 320 320 288 320 0
w 288 320 288 400 0
g 416 352 432 352 0 0
w 416 320 512 320 0
w 512 320 512 368 0
c 512 320 544 320 0 2e-12 0.4272689343627908 0.001
g 544 320 560 320 0 0
