$ 1 2e-10 1.4391916095149893 61 3 50 5e-11
R 688 -48 624 -48 0 2 10000000 5 0 0 0.5
w 784 -48 880 -48 1
r 784 -48 688 -48 0 10
a 1808 352 1904 352 9 3.7 -3.7 1000000 0.25014158458013325 0.2501616332414645 100000
r 1808 416 1904 416 0 470
r 1712 416 1808 416 0 43
w 1808 368 1808 416 0
w 1952 352 1952 416 1
w 2512 352 2608 352 0
r 2048 288 1952 288 0 1000
R 1952 288 1904 288 0 0 40 1.8 0 0 0.5
R 2608 416 2640 416 0 0 40 0.9 0 0 0.5
p 2608 352 2608 416 1 0 0
403 2128 -16 2624 144 0 12_2_0_12546_1.0006124649286212_0.0001_-1_1
403 1632 -16 2000 144 0 8_2_0_12546_1.8929710266515574_0.0001_-1_4_8_3_11_0_11_3
w 1104 320 1136 320 0
w 1136 352 1104 352 0
S 1232 336 1136 336 0 0 false 0 3
w 976 624 976 720 0
r 880 624 880 720 0 27400
w 1072 528 1104 352 0
w 1072 144 1104 320 0
w 1072 528 976 528 0
w 1072 144 976 144 0
w 880 720 976 720 0
r 880 528 880 624 0 22600
c 976 -48 976 48 0 3e-11 2.499769833729695 0.001
r 880 336 880 432 0 100000
r 880 240 880 336 0 137000
w 976 48 976 144 0
r 880 48 880 144 0 274000
g 880 720 880 736 0 0
r 880 144 880 240 0 113000
c 976 144 976 240 0 6e-11 1.249987500124754 0.001
w 976 528 880 528 0
w 976 144 880 144 0
w 880 -48 976 -48 0
c 976 528 976 624 0 3e-10 0.2501616332414645 0.001
r 880 -48 880 48 0 226000
c 976 336 976 432 0 7.5e-11 1.0000310334040794 0.001
w 1136 336 1104 336 0
w 1104 336 976 336 0
w 976 528 976 432 0
w 976 240 976 336 0
w 880 336 976 336 0
r 880 432 880 528 0 100000
w 1904 352 1952 352 1
w 1952 416 1904 416 0
403 1600 640 2064 864 0 46_2_0_28929_0.0001_0.006771289223366563_-1_5_46_3_1_0_7_0_7_3
w 2240 352 2144 352 0
34 NSVR351SDSA3T1G 1 2.0000000000000002e-7 0 1.0440196146255676 5 0.001
d 2384 448 2384 352 2 NSVR351SDSA3T1G
d 2384 352 2384 256 2 NSVR351SDSA3T1G
34 MMSZ4678 1 2.0000000000000002e-7 0 3.3946261962746753 1.8 0.01
d 2528 256 2432 256 2 MMSZ4678
g 2528 256 2528 272 0 0
w 2384 256 2432 256 2
g 2400 448 2400 464 0 0
r 2384 256 2384 176 0 33000
R 2384 176 2416 176 0 0 40 3.3 0 0 0.5
c 2432 256 2432 208 0 1e-11 1.6803032540904392 0.001
g 2432 208 2448 208 0 0
w 1712 336 1808 336 0
g 1616 416 1600 416 0 0
w 1712 336 1632 336 0
w 2048 352 2144 352 0
403 1232 -16 1520 128 0 60_2_0_12546_0.2501620988139506_0.0001_-1_2_60_3
r 1952 352 2048 352 0 1000
w 1328 336 1232 336 0
w 2048 352 2048 288 0
w 1632 336 1520 336 0
w 1424 336 1328 336 0
w 1520 336 1424 336 0
w 2240 352 2400 352 0
r 2512 352 2512 448 0 100000
g 2512 448 2512 464 0 0
r 1616 416 1712 416 0 24
r 2512 352 2400 352 0 0.1
c 2608 352 2608 304 0 2e-12 1.8929663853102816 0.001
g 2608 304 2608 288 0 0
38 10 F1 0 1 3.3 -1 Offset
38 0 F1 3 10000000 100000000 -1 Frequency
