$ 1 1e-10 2.1831051418620846 50 1 50 5e-11
R 320 368 256 368 4 5 100000000 5 0 0 0.5
171 1008 368 1184 368 0 1e-9 50 16 0
g 1008 384 1008 400 0 0
g 1184 384 1184 400 0 0
171 416 368 528 368 0 3.33e-10 50 16 0
g 416 384 416 400 0 0
g 528 384 528 400 0 0
r 416 368 320 368 0 50
w 528 368 624 368 1
r 624 368 624 464 0 50
g 624 464 624 480 0 0
w 624 368 720 368 2
x 450 262 499 265 4 24 DUT
b 208 274 720 530 0
w 1280 368 1376 368 2
r 1376 368 1376 464 0 50
g 1376 464 1376 480 0 0
159 816 368 912 368 0 425 10000000000
L 864 384 864 416 0 1 false 5 0
w 816 368 720 368 0
w 1008 368 912 368 0
403 560 112 896 256 0 8_2_0_12546_2.376629705764475_0.0001_-1_2_8_3
403 928 112 1264 256 0 14_2_0_12546_0.26967549327483087_0.0001_-1_2_14_3
c 1008 368 1008 336 0 5e-12 0.246861934152156 0.001
g 1008 336 1008 320 0 0
g 1184 336 1184 320 0 0
c 1184 368 1184 336 0 5e-12 0.17430012157384078 0.001
w 1280 368 1184 368 0
r 1376 368 1472 368 0 220.00000000000003
c 1472 368 1472 464 0 2e-12 0.062332140453988015 0.001
g 1472 464 1472 480 0 0
w 1472 368 1568 368 0
403 1296 112 1536 256 0 31_2_0_12546_0.25263480749437944_0.0001_-1_2_31_3
r 1568 368 1568 464 0 100000
g 1568 464 1568 480 0 0
