$ 1 1e-10 1.700203994009402 50 1 50 5e-11
g 1024 368 1024 384 0 0
g 1200 368 1200 384 0 0
171 1024 352 1200 352 0 6.000000000000001e-9 50 16 0
r 1296 352 1296 448 0 49.9
g 1296 544 1296 560 0 0
w 1024 352 928 352 0
c 832 352 736 352 0 1e-7 -0.00017832862965772023 0.001
R 640 352 544 352 4 5 100000000 3.3 0 0 0.5
r 736 352 640 352 0 390
403 528 144 784 288 0 8_4_0_28929_0.0001_0.0039775749345781885_-1_2_8_3
r 832 352 832 256 0 33000
R 832 256 832 208 0 0 40 3.3 0 0 0.5
c 1296 544 1296 448 0 1.0000000000000001e-7 -1.649635251466278 -1.65
w 1200 352 1296 352 2
r 832 448 832 352 0 33000
g 832 448 832 464 0 0
R 1392 256 1392 208 0 0 40 3.3 0 0 0.5
r 1392 352 1392 256 0 33000
w 1296 352 1392 352 0
g 1392 448 1392 464 0 0
r 1392 448 1392 352 0 33000
403 1120 144 1344 304 0 18_2_0_12546_1.7486187125417514_0.0001_-1_2_18_3
w 928 352 832 352 0
c 928 544 928 448 0 1.0000000000000001e-7 -1.6496212772428993 -1.65
g 928 544 928 560 0 0
r 928 352 928 448 0 49.9
w 1392 352 1488 352 0
p 1488 352 1488 448 1 0 0
R 1488 448 1488 480 0 0 40 1.65 0 0 0.5
403 1440 144 1696 304 0 27_2_0_12546_0.09932235228778463_0.0001_-1_1
