$ 1 1e-10 0.3638846248353525 61 3 43 5e-10
207 -192 640 -224 640 5 clamp\p
207 -192 832 -224 832 5 clamp-
d 656 96 736 96 2 1N4148
d 736 128 656 128 2 1N4148
207 736 96 768 96 5 clamp\p
207 736 128 768 128 5 clamp-
w -32 640 64 640 2
w -192 640 -144 640 1
c -128 640 -128 832 2 1e-9 8.748936700695428 0.001
w -32 832 64 832 2
d 176 640 128 640 2 1N4148
w -192 832 -144 832 1
d 128 832 176 832 2 1N4148
w 64 832 128 832 1
w 64 640 128 640 1
207 -160 -816 -208 -816 5 vgain1\p
207 -160 -528 -208 -528 5 vgain1-
167 464 -1408 544 -1408 2048 8
w 400 -1184 464 -1184 2
419 560 -1408 624 -1408 2048 8
R 464 -1408 416 -1408 0 0 40 3 0 0 0.5
w 656 128 656 160 0
w 656 496 656 528 0
w 656 128 656 96 0
207 736 528 768 528 5 clamp-
207 736 560 768 560 5 clamp\p
d 736 528 656 528 2 1N4148
d 656 560 736 560 2 1N4148
w 656 528 656 560 0
null
408 656 160 704 160 0 5.3 0 5e-9
408 656 496 704 496 0 5.3 0 5e-9
403 -608 640 -320 736 0 7_2_3_12546_0.4600000330559888_0.0001_-1_6_11_3_7_0_7_3_11_0_11_3_Clamping\sVoltage
w -64 -816 32 -816 2
w -64 -528 32 -528 2
207 1168 224 1216 224 5 att1\p
207 1168 448 1216 448 5 att1-
R 240 640 288 640 0 0 40 5 0 0 0.5
R 240 832 288 832 0 0 40 -5 0 0 0.5
403 -608 736 -320 832 0 7_2_0_143617_0.0001_0.0001_-1_4_7_3_11_0_11_3_Clamping\sCurrent
r 464 240 464 336 0 124000
r 464 336 464 432 0 124000
w 464 336 560 336 0
c 560 336 560 240 0 1.2e-10 0.000861715359444823 0.001
c 560 336 560 432 0 1.2e-10 0.0010243878397583391 0.001
w 560 240 464 240 2
w 560 432 464 432 2
w -80 240 16 240 2
w -80 432 16 432 2
x -625 170 -464 173 4 16 Channel\s1\sInput\sSignal
r 368 240 464 240 0 374000
r 368 432 464 432 0 374000
c 368 192 464 192 0 4e-11 0.0010108273592840998 0.001
c 368 480 464 480 0 4e-11 0.0008758834843882044 0.001
w 368 192 368 240 0
w 464 192 464 240 0
w 368 432 368 480 0
w 464 480 464 432 0
x -628 607 -439 610 4 16 Clamping\srails\sfor\s\p5\s/\s-5\sV
r 656 240 560 240 0 56
r 656 432 560 432 0 56
w 368 240 304 240 0
w 368 432 304 432 0
408 656 176 704 176 0 -5.3 1 5e-9
w 656 176 656 160 0
408 656 480 704 480 0 -5.3 1 5e-9
w 656 480 656 496 0
34 PLZ9V1B-G3/H 1 1.7143528192810002e-7 0 2.0000000000000084 8.79 1
z 64 832 64 640 2 PLZ9V1B-G3/H
w 656 176 656 240 0
w 656 480 656 432 0
403 128 688 320 784 0 67_2_7_143367_0.0001_0.0001_-1_1_0.008943281173079057_Clamping\sZener\sWattage
r 176 640 240 640 0 10
r 176 832 240 832 0 10
w -128 640 -32 640 0
w -128 832 -32 832 0
r -32 640 -32 832 0 100000
c 112 192 208 192 0 2.2000000000000002e-8 0.0005848041182485886 0.001
p 1168 224 1168 448 1 0 1
p 16 240 16 432 1 0 1
p 752 240 752 432 1 0 1
w 848 432 752 432 2
w 848 240 752 240 2
c 176 -1312 176 -1024 0 2e-12 0.0015858906604648837 0.001
p 304 240 304 432 1 0 1
212 304 -1184 352 -1184 0 2 2\s*\s(a\s-\sb)\s\p\s1.5
g 400 -1152 416 -1152 0 0
p 32 -816 32 -528 1 0 0
r 80 -1312 80 -1024 0 100000
w 80 -1312 176 -1312 0
w 80 -1024 176 -1024 0
r 976 224 1072 224 0 56
r 976 448 1072 448 0 56
212 304 -1056 352 -1056 0 2 (a\s\p\sb)\s/\s2
g 432 -1024 432 -1008 0 0
p 432 -1056 432 -1024 1 0 1
w 400 -1056 432 -1056 0
w 432 -1024 400 -1024 0
171 1072 224 1120 224 0 1e-10 56 16 0
g 1072 240 1072 256 0 0
g 1120 240 1120 256 0 0
171 1072 448 1120 448 0 1e-10 56 16 0
g 1120 464 1120 480 0 0
g 1072 464 1072 480 0 0
w 1168 224 1120 224 0
w 1168 448 1120 448 0
p 976 224 976 448 1 0 1
403 -608 -816 -320 -528 0 86_2_0_12546_0.6575717741332556_0.0001_-1_1_Channel\s1\sGain\sInput
212 368 -816 416 -816 0 4 c\s\p\s(a\s-\sb)\s*\s10\s^\s((11.6\s\p\s38.8\s*\sd)\s/\s20)
w 272 -816 368 -816 0
g 464 -784 496 -784 0 0
w 32 -816 176 -816 0
r 176 -816 176 -672 0 4250
c 272 -816 272 -672 0 6e-12 -0.0008765864694014759 0.001
g 128 -672 128 -640 0 0
w 176 -816 272 -816 0
w 176 -672 240 -672 0
w 128 -672 176 -672 0
w 176 -528 272 -528 0
c 272 -528 272 -672 0 6e-12 -0.0009850344534374231 0.001
r 176 -528 176 -672 0 4250
w 32 -528 176 -528 0
g 464 -496 496 -496 0 0
w 272 -528 368 -528 0
212 368 -528 416 -528 0 4 c\s\p\s(a\s-\sb)\s*\s10\s^\s((11.6\s\p\s38.8\s*\sd)\s/\s20)
w 368 -720 320 -720 0
w 368 -432 320 -432 0
w 320 -720 320 -432 0
w 368 -752 336 -752 0
w 368 -464 336 -464 0
w 336 -752 336 -464 0
b 96 -848 657 -400 0
x 102 -856 345 -853 4 24 Variable\sGain\sAmplifier
w 240 -672 272 -672 0
g 368 -496 352 -496 0 0
g 368 -784 352 -784 0 0
p 560 -816 560 -528 1 0 2
g 848 -800 848 -784 0 0
g 800 -800 800 -784 0 0
171 800 -816 848 -816 0 1e-10 56 16 0
171 800 -528 848 -528 0 1e-10 56 16 0
g 800 -512 800 -496 0 0
g 848 -512 848 -496 0 0
w 848 -816 944 -816 0
w 848 -528 944 -528 0
r 704 -816 800 -816 0 56
r 704 -528 800 -528 0 56
w 704 -816 560 -816 0
w 560 -528 704 -528 0
w 560 -816 464 -816 0
w 464 -528 560 -528 0
w 80 -464 336 -464 0
w 48 -432 320 -432 2
207 944 -816 992 -816 5 adc1\p
207 944 -528 992 -528 5 adc1-
p 944 -816 944 -528 1 0 2
174 0 -400 48 -464 1 5000 0.5099 Channel 1 Gain
w 0 -464 80 -464 0
x -629 -296 -502 -293 4 16 Channel\s1\sDivider
171 -160 -816 -112 -816 0 1e-10 56 16 0
g -160 -800 -160 -784 0 0
g -112 -800 -112 -784 0 0
g -112 -512 -112 -496 0 0
g -160 -512 -160 -496 0 0
171 -160 -528 -112 -528 0 1e-10 56 16 0
w -112 -816 -64 -816 0
w -112 -528 -64 -528 0
p -64 -1312 -64 -1024 1 0 2
207 -160 -1024 -208 -1024 5 adc1-
207 -160 -1312 -208 -1312 5 adc1\p
w -160 -1312 -64 -1312 2
w -160 -1024 -64 -1024 2
r -160 -1312 -160 -1024 0 110
w -64 -1312 80 -1312 0
w -64 -1024 80 -1024 0
w 176 -1312 304 -1056 0
w 176 -1024 304 -1024 0
w 304 -1184 176 -1312 0
w 304 -1152 176 -1024 0
403 -576 -1312 -320 -1024 0 166_2_0_12546_9.617075891162347_0.0001_-1_1_ADC\s1\sInput
x 32 -1466 82 -1463 4 24 ADC
b 30 -1456 687 -976 0
207 0 -464 -64 -464 5 900mv\sref
207 912 752 960 752 5 900mv\sref
R 624 640 624 608 0 0 40 5 0 0 0.5
r 624 640 624 736 0 8200
r 624 736 624 832 0 1800
w 624 736 720 736 2
g 624 832 624 848 0 0
w 816 752 912 752 2
w 720 768 720 800 0
w 720 800 816 800 0
w 816 800 816 752 0
a 720 752 816 752 9 5 0 1000000 0.9000159998400016 0.9 100000
207 864 -1344 816 -1344 5 adc1\p
a 864 -1360 960 -1360 8 3 0 1000000 1.1515782197069058 0.8733192917793114 100000
w 960 -1360 1056 -1360 2
159 112 240 208 240 0 72 10000000000
c 112 480 208 480 0 2.2000000000000002e-8 0.0008824075863906188 0.001
w 16 192 16 240 0
w 304 192 304 240 0
w 16 432 16 480 0
w 304 432 304 480 0
159 208 432 112 432 0 72 10000000000
w 160 256 160 336 0
w 160 336 160 416 0
L 160 336 208 336 0 1 false 5 0
w 304 192 208 192 0
w 112 192 16 192 0
w 16 480 112 480 0
w 208 480 304 480 0
w 112 240 16 240 0
w 112 432 16 432 0
w 960 -1232 1056 -1232 2
a 864 -1232 960 -1232 8 3 0 1000000 0.8733192917793114 1.1515782197069058 100000
207 864 -1248 816 -1248 5 adc1\p
M 1152 -1296 1200 -1296 0 2
159 1056 -1360 1152 -1360 1 72 10000000000
159 1152 -1232 1056 -1232 0 72 10000000000
w 1104 -1344 1104 -1296 0
w 1104 -1296 1104 -1248 0
L 1104 -1296 1056 -1296 0 0 false 5 0
w 1152 -1360 1152 -1296 0
w 1152 -1296 1152 -1232 0
403 1312 208 1568 464 0 105_2_0_12546_0.9864456619036048_0.0001_-1_2_77_0_To\sDivider\s1
w 976 224 976 160 0
w 848 160 848 208 0
a 848 448 976 448 9 5 -5 1000000 -0.0010243785664661707 -0.0010243888102518352 100000
w 976 448 976 512 0
w 848 512 848 464 0
a 848 224 976 224 8 5 -5 1000000 -0.0008617057243223932 -0.0008617143413796364 100000
w 976 160 848 160 0
w 976 512 848 512 0
207 -176 -224 -224 -224 5 att1\p
w -256 -272 -256 -160 0
w -256 -160 -128 -160 0
207 -176 -112 -208 -112 5 vgain1\p
w -80 -256 -48 -256 0
w -48 -144 -80 -144 0
w -80 -224 16 -224 0
r 16 -224 16 -112 0 56
207 176 16 224 16 5 vgain1-
r -48 -240 -48 -144 0 56
w -48 -256 -48 -240 0
207 -144 16 -192 16 5 att1-
r -64 32 16 32 0 47
r 16 32 96 32 0 47
r -80 -112 16 -112 0 56
w -144 32 -144 80 0
w 176 32 176 80 0
174 800 -1120 848 -1024 1 50000 0.36140000000000005 Channel 1 Trigger
207 944 -1072 1008 -1072 5 ch1trig
207 864 -1376 816 -1376 5 ch1trig
207 864 -1216 816 -1216 5 ch1trig
w 848 -1072 944 -1072 2
g 800 -1024 800 -1008 0 0
207 800 -1120 864 -1120 5 1800mv\sref
a 1200 752 1296 752 9 5 0 1000000 1.8032856556680334 1.8032786885245902 100000
w 1296 800 1296 752 0
w 1200 800 1296 800 0
w 1200 768 1200 800 0
w 1296 752 1392 752 2
g 1104 832 1104 848 0 0
w 1104 736 1200 736 2
r 1104 736 1104 832 0 2200
r 1104 640 1104 736 0 3900
R 1104 640 1104 608 0 0 40 5 0 0 0.5
207 1392 752 1440 752 5 1800mv\sref
403 1248 -1360 1552 -992 0 169_2_0_12546_5.681049824884403_0.0001_-1_4_169_3_253_0_253_3
c 48 -432 48 -336 0 1e-12 0.4589181583184167 0.001
g 48 -336 48 -320 0 0
w 0 -400 0 -336 0
w 0 -336 48 -336 0
160 -176 -240 -80 -240 1 0.1 10000000000
160 -176 -128 -80 -128 1 0.1 10000000000
w -256 -272 -128 -272 0
L -256 -160 -304 -160 0 0 false 5 0
w -128 -272 -128 -256 0
w -128 -160 -128 -144 0
w 16 -64 16 32 0
403 368 -288 672 0 0 33_2_3_12546_0.3297173291612099_0.0001_-1_6_34_3_235_0_235_3_240_0_240_3
r 16 -64 -80 -64 0 56
w -80 -112 -80 -64 0
w 16 -112 16 -64 0
r 64 -224 64 -112 0 56
w 16 -224 64 -224 0
w 16 -112 64 -112 0
r -144 32 -64 32 0 3.3
r 96 32 176 32 0 3.3
r -144 80 176 80 0 120
r -64 -672 -64 -528 0 10
r -64 -816 -64 -672 0 220.00000000000003
r 464 336 368 336 0 1000000
g 368 336 368 368 0 0
w 752 240 656 240 0
w 656 432 752 432 0
c 656 240 656 432 0 1e-12 0.0001626744688721988 0.001
r 304 432 208 432 0 56
r 304 240 208 240 0 56
r -176 240 -80 240 0 5
r -176 432 -80 432 0 5
v -176 432 -176 240 4 5 50000000 4 0 0 0.25
212 800 -160 896 -160 0 2 (a\s\p\sb)\s/\s2
207 800 -160 752 -160 5 att1\p
207 800 -128 752 -128 5 att1-
w 896 -160 1040 -160 2
g 896 -128 912 -128 0 0
403 1072 -288 1312 0 0 304_2_0_4354_0.0048828125_0.00009765625_-1_2_304_3
207 -320 -48 -368 -48 5 att1\p
207 -320 -16 -272 -16 5 vgain1-
207 -320 -48 -272 -48 5 vgain1\p
207 -320 -16 -368 -16 5 att1-
